orange = imread('bildat_lab3/tiger1.jpg');
kmeans_example

l =

     1


centers =

   0.601786609664062   0.610933417781655   0.641427176523363
   0.661059024635579   0.393992156862792   0.143609049773760
   0.814224048435442   0.772584103519192   0.702856514234896
                   0                   0                   0
                   0                   0                   0
                   0                   0                   0
   0.645038782637703   0.544201061301156   0.397268164390737
   0.187363305536562   0.162588410044085   0.128691932361530


l =

     2


centers =

   0.628444898308890   0.618430200316579   0.595876446692833
   0.628888545794570   0.402728515144658   0.175540802497706
   0.844950934677965   0.801866266653150   0.729861968905541
   0.043537049347256   0.063786700862904   0.049853455848945
                   0                   0                   0
                   0                   0                   0
   0.625706252879026   0.527741768311011   0.385026237256845
   0.207422213858247   0.171659452629365   0.131418118435711


l =

     3


centers =

   0.648130379794130   0.628016642563799   0.587608085055724
   0.619337434957449   0.402556093988403   0.183189624819461
   0.853459076825480   0.810731098213139   0.739977836578589
   0.061680179338453   0.089255841205810   0.064642990415148
   0.015904893291419   0.019031895726380   0.022771030749863
                   0                   0                   0
   0.622784659165623   0.522680067552764   0.378819033206048
   0.228191017144685   0.179192900401757   0.138594354685930


l =

     4


centers =

   0.668002983978091   0.637147776499406   0.580926975065046
   0.617200373906706   0.401624268322433   0.183601967461198
   0.856092157152756   0.816279268848137   0.749991874802208
   0.076973895475358   0.109366183584179   0.076368119464025
   0.026474829379900   0.035078163148811   0.034375279399731
   0.006821895424837   0.007598039215686   0.009640522875817
   0.619374081287168   0.519539703448818   0.377688979088115
   0.240975878024916   0.182832985544590   0.142937883159819


l =

     5


centers =

   0.688598875302125   0.646094582189623   0.573116326447856
   0.621953893560735   0.403148982872268   0.181856555969666
   0.856385332062938   0.821445679561835   0.762517117744604
   0.091732160361617   0.125882297402685   0.086443679865332
   0.036010451047462   0.049895903343504   0.043532237143457
   0.012235656387266   0.014013796434663   0.018708206916331
   0.609464616263834   0.514628606754589   0.380072868944046
   0.250639203655443   0.185223122867936   0.146036009955512


l =

     6


centers =

   0.709428951421191   0.654485949825134   0.563904255848143
   0.639923146861590   0.411736800873650   0.180262009732421
   0.855944962385268   0.826131453745517   0.774958178847687
   0.106837546286567   0.138537478264164   0.095192297169682
   0.044130795886907   0.062879138413328   0.050732728154354
   0.017335852332827   0.020834326870755   0.024497881472515
   0.586662978033726   0.505823828568633   0.388522397553228
   0.258860444779806   0.187593746711452   0.148403208611102


l =

     7


centers =

   0.730293740623062   0.659918978863221   0.548819785174382
   0.678438487454753   0.438220436520316   0.188642727101486
   0.855070768330734   0.829498220850434   0.784771746371261
   0.121714670960110   0.147361598067172   0.102333287694689
   0.051054045786047   0.073791388760597   0.056592681790982
   0.021474671696915   0.027178508705363   0.029025823377639
   0.529613032971673   0.485424350054346   0.411554679770922
   0.267042507291085   0.189819437991333   0.149718719393336


l =

     8


centers =

   0.737400339824758   0.662770597717549   0.545151857632350
   0.704781364857562   0.462703109565699   0.205187608175923
   0.852737581494791   0.830526631168838   0.790895169612735
   0.135698348875623   0.152567639907971   0.107657443004252
   0.057168337206573   0.083059299399424   0.061388868455526
   0.025019086941980   0.032544576627370   0.032751405028740
   0.486900152842454   0.467229099707803   0.422448894632094
   0.275163172632105   0.190813423699045   0.148008238716860


l =

     9


centers =

   0.732748966401704   0.663085154098304   0.551207224713310
   0.718360955215032   0.477375112539635   0.216525635667854
   0.852010903174467   0.830947003175112   0.793059267654077
   0.147714471785045   0.155997531418235   0.112130922835867
   0.062622882791531   0.091524862836132   0.065575309018087
   0.028060010387478   0.037300125005186   0.035859306961784
   0.473096967385110   0.456896623819014   0.416546128396018
   0.283383906429510   0.191933230394142   0.146069882267148


l =

    10


centers =

   0.726493617796441   0.662302211992530   0.557610339823944
   0.728219426923993   0.487520718822467   0.223714927388694
   0.853020357699048   0.831858170083313   0.793830112969287
   0.158629782376169   0.157890595899339   0.115571205385199
   0.067762886288222   0.099605268239912   0.069663675494255
   0.030834029417399   0.041592511583968   0.038523947705984
   0.466735093040137   0.450000814599643   0.409089560519107
   0.290937169028193   0.194264395782541   0.145602213634769


l =

    11


centers =

   0.720458160422606   0.660878238915450   0.562502479292310
   0.736390620280830   0.495591816697815   0.229149797570794
   0.854339453939110   0.832627192438989   0.793802370320795
   0.169560367147569   0.157943537298398   0.117642492826653
   0.072662809469119   0.107116554777505   0.073650339891224
   0.033216216253326   0.045361243720228   0.040740542418214
   0.462796564001527   0.444733904622681   0.402222675489810
   0.298300527762288   0.198477322369032   0.146482301140078


l =

    12


centers =

   0.715777336575585   0.659492386698232   0.565711284513802
   0.742849520229702   0.502160377478736   0.233749455944664
   0.855200567406307   0.832891618185622   0.793149105796064
   0.182821462838501   0.154495633133970   0.117483110684610
   0.077399624939508   0.114771816127571   0.077613661213024
   0.035381505018134   0.048696974634725   0.042651796329485
   0.460871864944670   0.441483029496843   0.397601459590228
   0.306465080280758   0.208803705523769   0.151184447625704


l =

    13


centers =

   0.712048644242547   0.658233504211393   0.567874531437316
   0.748151049226789   0.507533837634112   0.237477473529621
   0.855794512525845   0.832876849707713   0.792223123608643
   0.203559666793612   0.144414783524956   0.112217194570070
   0.082369590553370   0.123985668728592   0.082283942316284
   0.037435232462504   0.051892500169765   0.044462193651024
   0.461245746957088   0.440639622575270   0.395670490020602
   0.315113646934698   0.239976433377697   0.170473946035927


l =

    14


centers =

   0.709283852269164   0.657311766324995   0.569496866954875
   0.752532393315335   0.512023632432430   0.240726717462031
   0.856242530695959   0.832776845090870   0.791295756319632
   0.225966433175029   0.132485735909838   0.105902201741537
   0.089678847945673   0.138052317115548   0.089643262023472
   0.039542305551257   0.055059732856127   0.046253447620927
   0.466493303789165   0.445236748098838   0.400193802230568
   0.315926409456099   0.276971332181065   0.196983765816566


l =

    15


centers =

   0.708606524182633   0.657657739523895   0.571293016652547
   0.755264260687151   0.514693457236035   0.242506737531028
   0.856557406201951   0.832596749927862   0.790377823539980
   0.243204934633715   0.120821207804104   0.099948149410821
   0.101441540423496   0.155155652609616   0.100773196380112
   0.042555114955507   0.059251402272388   0.048630258949535
   0.475899325177521   0.454175854588239   0.409085056595497
   0.316682624701676   0.287072411559208   0.207832077230507


l =

    16


